12 96
4 2
12 7
6 8
5 1
5 9
8 3
8 2
6 5
2 3
5 9
1 7
1 4
11 10
12 2
11 10
10 7
11 9
5 8
4 10
8 12
10 8
7 9
9 12
2 2
2 10
10 6
4 11
1 6
12 1
11 11
10 9
9 12
9 1
8 1
2 7
4 3
2 10
4 2
10 5
4 3
6 5
9 1
3 1
6 7
1 5
5 2
5 5
2 1
9 9
5 3
7 9
5 9
10 12
2 7
8 5
2 1
10 2
1 4
2 11
10 3
7 6
8 11
10 1
3 11
1 8
1 8
8 9
8 5
9 9
12 4
6 5
9 3
6 1
10 7
11 8
1 9
5 9
11 7
9 2
5 2
9 9
9 4
9 4
12 9
12 11
1 5
3 1
11 12
1 1
7 12
8 11
12 4
7 11
10 8
12 6
9 12
12 48
7 3
12 6
11 3
9 3
12 3
3 2
3 8
2 1
11 1
11 10
5 10
8 6
9 11
4 5
10 9
5 8
3 4
2 6
10 10
8 9
4 3
11 6
10 12
6 8
5 5
9 9
6 5
6 2
7 9
10 5
10 2
4 12
9 5
5 6
6 5
7 10
11 9
3 12
12 1
11 4
9 7
12 2
3 6
3 10
6 12
6 3
1 9
3 9
8 14
6 3
3 8
8 1
8 3
8 8
3 6
3 3
5 7
4 3
4 6
4 1
1 5
8 1
2 2
11 78
7 8
4 10
10 7
6 11
10 1
10 8
4 10
7 2
8 5
9 8
1 9
4 10
11 10
4 3
5 2
2 1
9 5
8 5
11 11
3 7
11 10
3 4
8 7
3 4
9 11
11 9
7 4
5 6
11 8
6 3
7 7
1 3
9 8
7 9
7 9
4 7
8 5
8 2
9 10
6 5
10 3
2 3
4 5
8 4
1 11
4 6
4 4
8 1
11 1
9 6
8 11
10 4
2 6
5 8
3 8
1 1
11 1
1 3
5 8
4 3
5 7
8 8
10 4
8 9
3 4
2 10
1 11
11 11
4 2
7 6
10 8
4 9
6 4
9 10
9 2
1 2
8 9
7 5
16 64
16 13
1 1
14 15
4 9
15 9
5 11
2 2
10 11
11 1
8 11
15 7
6 11
11 14
12 5
6 10
5 5
6 6
6 4
4 9
12 3
1 16
13 2
1 6
12 11
6 3
6 4
9 11
14 3
8 10
7 13
3 11
2 8
16 7
11 4
15 7
6 15
6 2
16 7
7 11
1 12
13 6
15 5
1 12
7 8
5 13
5 7
7 6
15 7
12 9
10 10
15 15
8 5
16 7
11 6
1 11
1 13
1 15
1 1
10 7
8 15
3 12
5 9
1 3
15 12
0 0
