17 14
9 13
10 5
2 4
14 4
16 16
11 14
5 8
13 14
8 1
5 15
5 15
9 4
17 15
13 3
21 74
15 12
9 11
1 13
5 19
13 10
10 20
21 16
3 9
10 15
1 20
13 5
18 2
2 7
14 2
15 18
5 8
8 14
17 9
3 21
4 15
7 11
14 5
5 14
11 15
7 11
11 17
14 7
18 13
14 10
14 7
6 19
12 12
11 7
20 13
4 21
7 9
11 18
13 15
8 21
6 14
11 16
7 1
2 3
13 13
13 5
19 16
21 9
6 10
14 2
21 17
2 4
2 10
19 12
3 5
12 9
16 20
1 1
20 2
3 11
14 13
13 9
8 13
16 11
1 8
13 19
1 12
20 3
21 17
14 21
19 4
8 13
2 7
13 21
8 14
33 5
26 27
7 25
15 31
6 13
18 7
17 63
2 11
15 9
17 4
12 9
1 16
1 14
13 5
12 5
12 6
14 5
10 13
9 10
1 17
14 3
15 15
1 16
8 15
15 7
9 1
7 9
16 7
14 2
2 16
6 5
4 11
9 14
6 8
14 14
8 1
7 5
15 7
12 6
12 9
3 4
9 9
3 15
6 16
7 8
14 13
12 1
14 11
5 10
1 1
6 16
2 4
12 7
10 6
12 5
5 6
16 5
5 1
2 11
17 17
9 4
12 11
4 16
4 16
8 12
8 4
2 17
15 13
6 8
1 9
0 0
